50
24
2 7 3
2 16 1
2 18 19
2 8 17
2 10 6
2 14 24
0
0
0
0
0
0
2 20 5
0
0
0
1 12
0
2 21 13
0
0
2 15 23
2 9 2
2 11 4
24
0
2 8 11
2 7 16
1 14
0
2 12 13
0
0
0
2 24 19
2 22 18
0
2 21 20
0
1 4
2 17 23
0
2 5 6
2 9 3
2 15 4
0
0
2 1 2
0
24
1 20
1 5
1 19
1 8
0
1 8
1 20
0
1 5
0
1 10
1 19
1 16
1 16
2 9 2
0
2 7 1
2 4 6
0
0
2 22 11
1 10
2 3 12
2 14 13
25
1 23
1 23
1 23
1 23
1 23
1 23
1 23
1 23
1 23
1 23
1 23
1 23
1 23
1 23
1 23
1 23
1 23
1 23
1 23
1 23
1 23
1 23
0
1 23
1 23
25
1 24
1 8
1 1
1 23
1 21
1 18
1 4
0
1 22
1 11
1 15
1 13
1 5
1 2
1 16
1 12
1 3
1 19
1 20
1 9
1 7
1 25
1 17
1 6
1 14
25
1 24
1 10
1 9
1 3
1 6
1 4
2 18 10
1 12
1 17
0
1 21
1 15
1 8
1 16
1 25
1 22
1 13
1 5
1 23
1 14
1 1
1 11
1 2
1 19
1 20
25
1 25
1 22
2 2 1
2 14 16
0
0
1 18
1 20
2 12 15
2 23 19
2 13 9
0
1 5
1 17
0
2 6 21
0
0
2 3 11
0
0
0
2 24 4
2 8 7
0
25
2 10 9
1 21
1 18
1 25
1 25
1 25
2 8 22
2 3 12
1 25
1 25
1 25
1 5
1 6
2 23 1
2 7 19
1 25
1 11
1 25
2 20 14
2 13 2
1 25
2 17 24
1 16
1 4
0
24
1 22
1 9
1 6
1 7
1 23
1 12
1 20
2 3 18
1 10
1 1
1 24
1 4
1 21
1 15
1 11
1 13
1 14
1 19
1 16
1 2
1 17
1 23
0
1 5
20
10 14 13 16 3 7 15 5 20 18 17
10 14 13 16 3 7 15 5 20 18 17
0
10 14 13 16 3 7 15 5 20 18 17
0
10 14 13 16 3 7 15 5 20 18 17
0
10 14 13 16 3 7 15 5 20 18 17
10 14 13 16 3 7 15 5 20 18 17
10 14 13 16 3 7 15 5 20 18 17
10 14 13 16 3 7 15 5 20 18 17
10 14 13 16 3 7 15 5 20 18 17
0
0
0
0
0
0
10 14 13 16 3 7 15 5 20 18 17
0
50
0
2 18 27
2 23 28
2 7 3
2 1 46
2 50 16
0
0
0
0
0
2 38 35
0
0
0
2 45 25
2 13 5
0
2 43 12
0
2 48 42
0
0
2 34 17
2 40 32
2 30 47
2 11 49
2 8 44
2 10 36
0
2 37 19
2 33 4
0
0
2 22 6
2 14 2
0
0
0
0
0
2 20 29
0
1 41
0
2 39 26
2 15 21
0
2 9 31
0
50
2 10 25
2 26 42
2 40 33
2 12 44
0
2 37 16
0
0
0
0
2 13 15
0
0
0
2 34 32
2 7 11
0
2 39 19
2 36 49
1 31
2 14 29
0
0
2 23 21
2 35 2
0
2 45 18
0
2 43 47
2 8 27
1 5
2 41 3
2 22 48
0
0
0
0
0
0
0
0
2 20 31
0
2 17 6
0
2 28 1
2 50 46
2 38 24
2 9 4
0
48
2 7 10
2 20 23
1 40
1 26
1 40
0
1 41
1 6
1 42
1 41
1 37
1 38
1 43
2 13 15
1 43
1 42
2 9 16
0
1 37
1 35
2 8 27
1 46
1 35
1 18
1 38
0
1 6
2 11 19
2 4 39
1 47
1 46
1 47
2 31 22
2 25 12
0
2 5 3
0
0
1 26
0
0
0
0
1 18
2 32 30
0
0
2 44 24
50
1 21
1 21
1 21
1 21
1 21
1 21
1 21
1 21
1 21
1 21
1 21
1 21
1 21
1 21
1 21
1 21
1 21
1 21
1 21
1 21
0
1 21
1 21
1 21
1 21
1 21
1 21
1 21
1 21
1 21
1 21
1 21
1 21
1 21
1 21
1 21
1 21
1 21
1 21
1 21
1 21
1 21
1 21
1 21
1 21
1 21
1 21
1 21
1 21
1 21
50
1 37
1 29
1 41
1 39
1 10
1 23
1 42
1 31
1 32
1 34
1 16
1 24
1 46
1 5
1 1
1 45
1 8
1 40
0
1 19
1 47
1 6
1 15
1 48
1 11
1 33
1 3
1 49
1 17
1 43
1 12
1 44
1 25
1 35
1 27
1 22
1 9
1 36
1 14
1 7
1 28
1 26
1 4
1 50
1 20
1 38
1 30
1 18
1 2
1 21
50
1 36
1 5
1 9
1 25
1 35
1 16
1 21
1 44
1 23
1 4
1 42
1 10
1 45
1 12
1 28
1 20
1 8
1 24
1 34
1 26
1 48
1 29
1 13
1 2
1 1
1 46
1 19
1 50
1 17
1 49
1 27
1 33
1 11
0
1 38
1 41
1 22
1 30
1 37
1 7
1 32
1 31
1 40
1 3
1 14
1 18
2 6 34
1 15
1 43
1 39
50
2 19 21
0
0
1 45
2 7 46
2 1 23
1 35
1 37
0
2 12 33
2 49 29
0
1 22
1 43
2 24 40
0
1 16
0
1 9
2 31 2
1 3
0
2 17 13
2 6 39
2 44 8
2 41 42
2 5 36
0
2 4 20
0
0
2 47 10
0
1 48
0
2 34 26
0
0
2 25 32
2 11 27
0
0
0
1 30
0
1 18
1 38
0
2 50 14
1 28
50
2 30 2
1 28
1 18
2 41 8
1 18
2 34 32
1 18
2 14 36
1 29
1 45
2 19 44
1 18
2 9 48
1 18
1 38
1 21
2 26 43
0
2 50 39
2 27 4
1 18
2 1 17
1 18
2 5 35
1 23
1 47
2 25 40
1 18
1 18
1 37
2 33 13
2 31 20
2 15 16
2 22 11
1 18
1 18
1 18
1 18
1 12
1 42
1 46
1 18
1 49
2 10 24
1 18
1 18
1 18
1 7
1 18
1 3
50
1 29
1 22
1 36
1 7
1 23
1 12
1 16
2 47 42
1 18
1 49
1 13
1 27
1 14
1 46
1 38
1 19
1 48
1 41
1 44
1 10
1 45
1 24
1 34
1 25
1 37
1 1
1 28
1 5
1 4
1 21
1 2
1 6
1 11
1 26
1 50
1 9
1 15
1 35
1 20
1 39
1 31
1 3
1 40
1 45
0
1 17
1 33
1 32
1 30
1 43
50
10 16 25 46 37 13 10 41 50 23 38
10 8 6 7 34 31 42 3 36 4 19
10 27 11 35 21 15 48 33 45 17 43
10 27 11 35 21 15 48 33 45 17 43
10 8 6 7 34 31 42 3 36 4 19
10 27 11 35 21 15 48 33 45 17 43
10 27 11 35 21 15 48 33 45 17 43
10 27 11 35 21 15 48 33 45 17 43
10 8 6 7 34 31 42 3 36 4 19
0
10 30 47 24 44 29 12 28 1 40 14
10 16 25 46 37 13 10 41 50 23 38
0
10 16 25 46 37 13 10 41 50 23 38
10 30 47 24 44 29 12 28 1 40 14
0
10 30 47 24 44 29 12 28 1 40 14
10 8 6 7 34 31 42 3 36 4 19
10 27 11 35 21 15 48 33 45 17 43
10 8 6 7 34 31 42 3 36 4 19
10 30 47 24 44 29 12 28 1 40 14
10 8 6 7 34 31 42 3 36 4 19
0
10 16 25 46 37 13 10 41 50 23 38
0
10 8 6 7 34 31 42 3 36 4 19
10 30 47 24 44 29 12 28 1 40 14
10 16 25 46 37 13 10 41 50 23 38
10 16 25 46 37 13 10 41 50 23 38
10 16 25 46 37 13 10 41 50 23 38
10 27 11 35 21 15 48 33 45 17 43
10 8 6 7 34 31 42 3 36 4 19
10 30 47 24 44 29 12 28 1 40 14
10 27 11 35 21 15 48 33 45 17 43
10 30 47 24 44 29 12 28 1 40 14
10 27 11 35 21 15 48 33 45 17 43
0
0
10 8 6 7 34 31 42 3 36 4 19
10 16 25 46 37 13 10 41 50 23 38
0
10 27 11 35 21 15 48 33 45 17 43
10 30 47 24 44 29 12 28 1 40 14
10 16 25 46 37 13 10 41 50 23 38
10 30 47 24 44 29 12 28 1 40 14
0
10 16 25 46 37 13 10 41 50 23 38
10 30 47 24 44 29 12 28 1 40 14
10 8 6 7 34 31 42 3 36 4 19
0
5
0
1 1
0
2 3 2
1 3
5
1 3
0
0
1 2
2 3 1
5
0
0
2 5 4
2 5 2
0
5
0
0
1 1
2 1 2
1 3
5
1 4
0
2 4 5
1 2
0
40
0
0
0
0
3 10 1 20
3 21 1 20
0
0
0
4 8 27 40 15
3 19 40 2
0
0
2 8 31
1 11
3 32 31 6
0
1 37
0
2 37 4
0
4 33 20 37 5
1 18
1 3
0
1 2
0
0
0
1 35
1 9
2 25 17
4 17 8 28 31
0
0
1 19
0
0
2 7 3
0
42
0
2 8 41
1 22
0
1 32
2 39 41
0
3 10 30 37
1 29
0
1 27
2 35 26
0
2 30 42
0
0
1 18
0
2 10 35
0
2 40 37
0
1 29
0
1 22
0
0
3 25 38 39
0
1 15
4 6 39 34 10
0
0
3 15 13 22
2 16 13
0
2 29 4
0
1 33
1 30
2 16 40
1 20
44
0
1 11
0
0
1 8
1 38
0
0
1 31
0
0
2 18 20
1 4
3 30 11 38
2 2 44
0
2 7 25
0
1 32
0
0
1 2
1 10
1 4
1 20
0
2 4 16
1 34
1 10
3 34 8 18
0
0
2 16 30
0
6 16 19 10 13 6 33
2 37 13
0
0
2 29 22
1 36
2 20 9
3 43 24 34
0
0
50
1 47
0
1 46
2 15 13
1 13
0
0
1 42
2 46 35
0
3 30 31 14
1 11
0
0
0
2 41 43
1 31
0
0
2 7 28
3 15 23 4
0
3 48 36 45
1 10
4 30 27 10 33
1 13
1 18
0
1 41
0
5 20 13 3 42 46
1 28
1 36
0
0
1 6
1 9
0
0
3 42 17 26
1 18
0
0
2 38 9
0
0
2 27 30
0
2 22 13
0
46
0
2 3 20
0
0
1 4
1 2
0
0
1 19
1 22
1 3
2 2 8
0
1 20
0
0
2 12 39
0
0
0
4 11 5 38 8
0
2 31 2
0
0
3 17 38 46
0
0
2 10 11
1 1
2 38 29
1 13
1 3
1 44
2 3 5
3 24 21 13
2 10 40
1 27
1 25
1 2
2 32 13
1 3
1 9
1 22
0
2 23 16
50
2 28 42
2 48 29
1 42
1 44
0
1 15
1 44
1 25
1 26
0
4 42 45 14 36
1 22
2 32 39
2 16 39
0
1 42
2 31 35
1 38
0
0
2 22 41
0
0
1 23
0
1 40
0
0
2 49 19
0
1 44
0
2 7 9
4 23 27 5 41
1 8
0
2 15 31
0
1 25
0
0
1 30
1 18
0
1 9
2 48 22
1 23
1 25
1 37
2 40 20
42
2 6 31
1 16
1 35
0
2 3 22
1 11
1 22
1 21
5 39 35 18 4 20
0
1 32
1 32
0
1 15
1 16
0
0
1 31
1 21
1 18
1 27
0
0
2 34 11
2 2 34
1 18
0
2 15 36
1 37
2 19 36
0
1 35
1 40
1 15
0
3 33 22 31
1 27
3 22 11 21
0
0
0
0
49
0
0
0
2 16 42
0
1 27
1 44
0
0
1 27
0
2 49 14
1 48
0
0
0
2 48 33
0
0
3 8 1 3
3 29 16 2
0
2 2 44
0
1 39
0
1 18
0
0
0
1 28
0
1 3
0
0
3 19 29 34
0
1 2
0
2 14 12
2 29 12
1 44
0
0
0
0
0
1 49
0
49
0
0
0
1 29
0
0
2 28 11
3 4 23 6
1 45
0
2 28 2
0
0
0
0
0
0
1 48
0
3 5 28 15
0
0
1 10
1 33
1 7
0
0
1 15
0
0
1 14
1 11
1 17
0
2 6 32
2 34 26
0
1 21
0
1 33
0
1 45
2 29 21
2 6 10
0
0
1 37
0
0
43
0
2 19 35
0
0
1 33
0
2 39 21
1 6
3 5 42 27
2 29 12
1 13
0
0
0
0
0
2 42 21
1 21
2 5 3
0
0
1 3
0
0
2 43 31
0
0
0
0
2 28 6
0
1 3
0
2 3 28
1 36
0
0
1 1
0
0
1 4
0
0
40
1 24
2 16 3
1 8
1 3
0
0
1 30
0
0
0
0
0
2 28 21
1 27
0
0
2 4 12
0
1 37
1 7
0
3 34 13 27
0
0
1 10
0
2 11 24
2 8 3
2 28 12
0
0
0
0
0
1 37
0
0
0
2 12 27
0
47
3 26 47 23
0
1 45
2 10 24
0
0
0
0
2 5 31
0
0
1 6
0
1 27
0
1 1
1 30
0
2 46 7
1 43
0
0
1 38
0
1 13
2 8 30
1 47
0
0
0
0
1 36
0
2 26 18
1 5
0
0
1 13
0
1 2
1 5
1 2
0
1 31
0
2 42 36
0
45
0
0
3 45 21 2
0
0
1 16
0
4 33 36 7 38
0
0
0
1 11
1 36
1 30
0
0
0
1 2
1 18
0
0
0
1 3
0
0
0
0
0
2 33 28
0
0
3 2 13 12
0
0
2 32 23
1 45
1 1
0
0
1 28
1 30
2 9 31
0
1 11
2 30 22
46
1 11
0
0
0
0
0
1 4
1 5
0
1 30
0
0
0
0
1 36
0
1 37
3 5 19 45
0
0
0
1 35
2 12 44
0
2 41 33
2 19 22
1 20
1 6
1 31
1 13
2 13 21
1 9
0
1 9
0
1 11
1 6
0
0
0
0
1 41
0
0
2 44 34
1 22
43
2 35 25
0
0
1 6
0
0
0
0
1 33
0
0
0
0
0
0
0
3 27 31 21
0
0
0
2 7 6
0
0
0
1 37
0
2 4 10
0
1 28
1 36
0
1 35
1 12
3 13 35 24
2 37 14
1 6
0
2 31 8
0
2 9 13
1 13
0
1 29
40
1 11
1 5
0
1 1
1 12
2 12 34
4 33 38 25 32
0
0
0
0
0
0
1 35
2 26 9
1 11
1 23
0
0
1 23
0
1 5
0
0
2 19 18
0
0
1 25
1 10
0
0
0
1 5
0
0
1 34
0
2 39 8
1 32
0
48
1 2
0
0
0
0
1 17
2 33 39
1 9
2 3 36
1 25
0
1 11
0
2 37 10
0
1 41
1 43
1 29
0
1 48
1 3
0
0
0
0
2 32 22
1 3
0
1 23
0
0
1 5
0
1 13
3 11 28 33
0
0
3 42 16 5
0
0
0
1 3
0
0
1 17
0
1 36
1 4
47
0
0
0
0
1 39
0
0
0
1 3
1 32
0
1 1
3 45 47 11
3 33 40 22
0
3 30 2 22
0
0
0
0
0
3 20 32 4
1 41
1 2
0
1 6
1 20
0
0
0
1 20
0
4 30 26 5 36
0
0
1 47
2 28 35
0
0
0
0
0
1 41
0
0
2 27 3
0
40
0
0
1 19
0
0
0
0
1 6
0
0
0
0
0
0
0
0
0
0
1 11
0
0
0
1 34
0
3 16 19 17
0
0
0
0
0
0
2 37 16
1 11
0
1 4
0
0
1 18
0
1 34
43
0
0
0
0
1 43
1 8
0
0
0
0
1 32
0
0
1 26
1 22
0
0
1 17
0
0
0
0
0
0
0
1 6
0
1 16
1 6
0
0
0
2 2 32
0
1 16
0
0
1 13
0
0
0
1 40
0
40
0
0
0
1 7
0
0
0
0
0
1 6
0
1 5
0
0
1 38
0
0
0
0
0
2 1 38
0
1 25
1 11
0
3 35 31 14
0
1 7
1 16
0
0
0
0
0
0
0
0
0
0
0
43
0
0
0
0
0
0
0
1 35
1 2
0
0
0
0
0
1 32
0
0
0
0
0
0
0
0
0
1 33
0
3 29 15 21
2 19 41
0
1 24
0
0
2 26 11
1 10
0
0
1 12
0
0
0
0
0
0
44
3 41 6 43
0
1 16
1 40
0
0
0
1 20
2 28 20
0
0
0
0
1 24
0
0
1 8
0
0
0
0
0
0
0
0
0
0
0
0
1 24
1 25
1 27
1 8
0
0
0
0
0
0
0
0
0
0
0
43
0
0
0
0
0
1 38
1 3
0
0
0
3 39 12 14
1 43
0
0
0
1 32
0
0
0
0
0
2 27 20
0
0
0
0
1 5
0
0
0
0
0
0
0
0
1 19
0
0
0
1 21
1 29
1 17
0
48
0
0
0
3 40 1 8
0
0
1 11
1 23
0
0
0
0
1 20
0
0
2 42 12
0
1 34
1 29
1 5
0
0
0
0
0
0
1 3
0
1 39
0
1 22
0
0
0
0
0
0
0
0
0
0
1 41
0
0
0
0
1 26
0
